4
linear   essential      -0.250000   0.750000
linear   non-essential   0.000000   1.000000
linear   essential       0.000000   1.000000
linear   essential       0.000000   1.000000

v 1
significant   elliptical    54
	  0.330874  0.231489  0.183738  0.141855
	  0.004739  0.002140  0.001168  0.000652

u 1
significant   elliptical    99
	  0.315144  0.231503  0.177360  0.137942
	  0.002826  0.001724  0.000882  0.000493

k 1
significant   elliptical    62
	  0.334425  0.279895  0.228075  0.138672
	  0.001440  0.001515  0.000685  0.000400

a 1
significant   elliptical   100
	  0.280625  0.248992  0.184922  0.162148
	  0.002427  0.002282  0.001096  0.000791

h 1
significant   elliptical    62
	  0.305066  0.295646  0.219254  0.154297
	  0.001635  0.001766  0.000805  0.000525

e 1
significant   elliptical   100
	  0.302500  0.230207  0.190117  0.148164
	  0.003444  0.002349  0.001232  0.000694

c 1
significant   elliptical    60
	  0.305143  0.226660  0.178451  0.139128
	  0.003804  0.001801  0.000949  0.000577

z 1
significant   elliptical    60
	  0.274805  0.209102  0.187956  0.133073
	  0.002989  0.001584  0.001039  0.000559

p 1
significant   elliptical    44
	  0.225763  0.248127  0.205078  0.145952
	  0.002206  0.001868  0.001269  0.000582

t 1
significant   elliptical    43
	  0.355741  0.192669  0.212300  0.115007
	  0.002335  0.000964  0.000979  0.000400

o 1
significant   elliptical   100
	  0.294609  0.232949  0.180430  0.150273
	  0.003090  0.001922  0.001156  0.000728

n 1
significant   elliptical    64
	  0.270813  0.279041  0.193420  0.161316
	  0.002568  0.002413  0.001184  0.000778

j 1
significant   elliptical    40
	  0.234863  0.248486  0.278711  0.108496
	  0.003546  0.001585  0.001419  0.000468

l 1
significant   elliptical    47
	  0.340592  0.174551  0.231134  0.086602
	  0.002577  0.000624  0.000984  0.000400

J 1
significant   elliptical    16
	  0.243896  0.264014  0.289307  0.120605
	  0.003157  0.001883  0.002005  0.000742

i 1
significant   elliptical   100
	  0.366836  0.190133  0.236016  0.083008
	  0.001670  0.000547  0.000712  0.000400

r 1
significant   elliptical    51
	  0.314262  0.216820  0.179075  0.147901
	  0.004568  0.001583  0.000836  0.000488

q 1
significant   elliptical    45
	  0.198524  0.275156  0.216840  0.162413
	  0.004065  0.001451  0.000802  0.000525

w 1
significant   elliptical    42
	  0.325521  0.293871  0.206380  0.187686
	  0.003394  0.002570  0.001002  0.000786

T 1
significant   elliptical     4
	  0.405273  0.234863  0.247070  0.145508
	  0.000767  0.000737  0.000716  0.000400

f 1
significant   elliptical    57
	  0.368078  0.203475  0.228413  0.114995
	  0.001165  0.000412  0.000440  0.000400

b 1
significant   elliptical    52
	  0.336238  0.272078  0.219201  0.160081
	  0.001949  0.001489  0.000753  0.000481

y 1
significant   elliptical    54
	  0.198712  0.307299  0.222295  0.136646
	  0.004249  0.002377  0.001084  0.000446

d 1
significant   elliptical    47
	  0.337101  0.276421  0.224734  0.163647
	  0.001022  0.000731  0.000455  0.000400

x 1
significant   elliptical    38
	  0.281764  0.234961  0.204873  0.150905
	  0.002390  0.002032  0.001290  0.000656

s 1
significant   elliptical    52
	  0.291466  0.218893  0.184645  0.139423
	  0.002868  0.003437  0.001004  0.000575

m 1
significant   elliptical    51
	  0.279259  0.407292  0.197763  0.228937
	  0.003465  0.005072  0.001133  0.001470

g 1
significant   elliptical    54
	  0.180556  0.288375  0.218822  0.139829
	  0.003772  0.002709  0.001370  0.000605

P 1
significant   elliptical     1
	  0.308594  0.298438  0.253906  0.171875
	  0.000400  0.000400  0.000400  0.000400

U 1
significant   elliptical     8
	  0.373535  0.269092  0.202148  0.154297
	  0.004856  0.002399  0.001202  0.000698

W 1
significant   elliptical     6
	  0.370443  0.332552  0.227214  0.207682
	  0.003158  0.000400  0.000400  0.000400

X 1
significant   elliptical     6
	  0.315104  0.257682  0.220052  0.160807
	  0.001243  0.001206  0.000608  0.000400

S 1
significant   elliptical     3
	  0.308594  0.261458  0.188802  0.141927
	  0.002304  0.001583  0.000799  0.000400

Y 1
significant   elliptical     1
	  0.398438  0.338281  0.238281  0.148438
	  0.000400  0.000400  0.000400  0.000400

V 1
significant   elliptical     4
	  0.435547  0.304785  0.243164  0.185547
	  0.004054  0.001893  0.001499  0.000400

K 1
significant   elliptical     1
	  0.312500  0.300000  0.238281  0.144531
	  0.000400  0.000400  0.000400  0.000400

M 1
significant   elliptical     1
	  0.292969  0.435547  0.210938  0.246094
	  0.000400  0.000400  0.000400  0.000400

L 1
significant   elliptical     1
	  0.347656  0.182031  0.246094  0.082031
	  0.000400  0.000400  0.000400  0.000400

Z 1
significant   elliptical    10
	  0.343750  0.272422  0.242188  0.171094
	  0.001482  0.001466  0.000922  0.000460

O 1
significant   elliptical     3
	  0.339844  0.270313  0.208333  0.171875
	  0.002396  0.001180  0.000707  0.000427

N 1
significant   elliptical     2
	  0.300781  0.306836  0.214844  0.177734
	  0.000400  0.000400  0.000400  0.000400

C 1
significant   elliptical     1
	  0.414063  0.305859  0.246094  0.187500
	  0.000400  0.000400  0.000400  0.000400

E 1
significant   elliptical     1
	  0.437500  0.339453  0.257813  0.199219
	  0.000400  0.000400  0.000400  0.000400
